-2.38144593e+01   3.59045380e-03   2.41849637e-05   6.66580874e-07
   0.00000000e+00   0.00000000e+00   0.00000000e+00   0.00000000e+00
   0.00000000e+00   0.00000000e+00   0.00000000e+00   0.00000000e+00
  -6.66580874e-07  -2.41849637e-05  -3.59045380e-03   2.38144593e+01
  -2.36321969e+01   4.21220912e-03   3.16189026e-05   9.00533934e-07
   0.00000000e+00   0.00000000e+00   0.00000000e+00   0.00000000e+00
   0.00000000e+00   0.00000000e+00   0.00000000e+00   0.00000000e+00
  -9.00533934e-07  -3.16189026e-05  -4.21220912e-03   2.36321969e+01
  -2.36318657e+01   4.23631957e-03   3.28413396e-05   9.75533936e-07
   0.00000000e+00   0.00000000e+00   0.00000000e+00   0.00000000e+00
   0.00000000e+00   0.00000000e+00   0.00000000e+00   0.00000000e+00
  -9.75533936e-07  -3.28413396e-05  -4.23631957e-03   2.36318657e+01
  -2.36318624e+01   4.23720213e-03   3.29589444e-05   9.75533936e-07
   0.00000000e+00   0.00000000e+00   0.00000000e+00   0.00000000e+00
   0.00000000e+00   0.00000000e+00   0.00000000e+00   0.00000000e+00
  -9.75533936e-07  -3.29589444e-05  -4.23720213e-03   2.36318624e+01
  -2.36318623e+01   4.23723963e-03   3.29589444e-05   9.75533936e-07
   0.00000000e+00   0.00000000e+00   0.00000000e+00   0.00000000e+00
   0.00000000e+00   0.00000000e+00   0.00000000e+00   0.00000000e+00
  -9.75533936e-07  -3.29589444e-05  -4.23723963e-03   2.36318623e+01
  -2.36318623e+01   4.23723963e-03   3.29589444e-05   9.75533936e-07
   0.00000000e+00   0.00000000e+00   0.00000000e+00   0.00000000e+00
   0.00000000e+00   0.00000000e+00   0.00000000e+00   0.00000000e+00
  -9.75533936e-07  -3.29589444e-05  -4.23723963e-03   2.36318623e+01
  -2.36318623e+01   4.23723963e-03   3.29589444e-05   9.75533936e-07
   0.00000000e+00   0.00000000e+00   0.00000000e+00   0.00000000e+00
   0.00000000e+00   0.00000000e+00   0.00000000e+00   0.00000000e+00
  -9.75533936e-07  -3.29589444e-05  -4.23723963e-03   2.36318623e+01
  -2.36318623e+01   4.23723963e-03   3.29589444e-05   9.75533936e-07
   0.00000000e+00   0.00000000e+00   0.00000000e+00   0.00000000e+00
   0.00000000e+00   0.00000000e+00   0.00000000e+00   0.00000000e+00
  -9.75533936e-07  -3.29589444e-05  -4.23723963e-03   2.36318623e+01
  -2.36318623e+01   4.23723963e-03   3.29589444e-05   9.75533936e-07
   0.00000000e+00   0.00000000e+00   0.00000000e+00   0.00000000e+00
   0.00000000e+00   0.00000000e+00   0.00000000e+00   0.00000000e+00
  -9.75533936e-07  -3.29589444e-05  -4.23723963e-03   2.36318623e+01
  -2.36318623e+01   4.23723963e-03   3.29589444e-05   9.75533936e-07
   0.00000000e+00   0.00000000e+00   0.00000000e+00   0.00000000e+00
   0.00000000e+00   0.00000000e+00   0.00000000e+00   0.00000000e+00
  -9.75533936e-07  -3.29589444e-05  -4.23723963e-03   2.36318623e+01
  -2.36318623e+01   4.23723963e-03   3.29589444e-05   9.75533936e-07
   0.00000000e+00   0.00000000e+00   0.00000000e+00   0.00000000e+00
   0.00000000e+00   0.00000000e+00   0.00000000e+00   0.00000000e+00
  -9.75533936e-07  -3.29589444e-05  -4.23723963e-03   2.36318623e+01
  -2.36318623e+01   4.23723963e-03   3.29589444e-05   9.75533936e-07
   0.00000000e+00   0.00000000e+00   0.00000000e+00   0.00000000e+00
   0.00000000e+00   0.00000000e+00   0.00000000e+00   0.00000000e+00
  -9.75533936e-07  -3.29589444e-05  -4.23723963e-03   2.36318623e+01
  -2.36318624e+01   4.23720213e-03   3.29589444e-05   9.75533936e-07
   0.00000000e+00   0.00000000e+00   0.00000000e+00   0.00000000e+00
   0.00000000e+00   0.00000000e+00   0.00000000e+00   0.00000000e+00
  -9.75533936e-07  -3.29589444e-05  -4.23720213e-03   2.36318624e+01
  -2.36318657e+01   4.23631957e-03   3.28413396e-05   9.75533936e-07
   0.00000000e+00   0.00000000e+00   0.00000000e+00   0.00000000e+00
   0.00000000e+00   0.00000000e+00   0.00000000e+00   0.00000000e+00
  -9.75533936e-07  -3.28413396e-05  -4.23631957e-03   2.36318657e+01
  -2.36321969e+01   4.21220912e-03   3.16189026e-05   9.00533934e-07
   0.00000000e+00   0.00000000e+00   0.00000000e+00   0.00000000e+00
   0.00000000e+00   0.00000000e+00   0.00000000e+00   0.00000000e+00
  -9.00533934e-07  -3.16189026e-05  -4.21220912e-03   2.36321969e+01
  -2.38144593e+01   3.59045380e-03   2.41849637e-05   6.66580874e-07
   0.00000000e+00   0.00000000e+00   0.00000000e+00   0.00000000e+00
   0.00000000e+00   0.00000000e+00   0.00000000e+00   0.00000000e+00
  -6.66580874e-07  -2.41849637e-05  -3.59045380e-03   2.38144593e+01]
